3 37 False
1 1 2 1 7 +
1 2 1 3 2 2 2 3 23 +
1 4 1 5 17 +
1 6 1 7 2 7 16 +
1 8 1 9 7 +
2 4 5 +
2 5 2 6 6 +
2 8 2 9 9 +
3 1 3 2 4 2 14 +
3 3 3 4 3 +
3 5 3 6 13 +
3 7 3 8 7 +
3 9 4 9 17 +
4 1 5 1 7 +
4 3 4 4 5 4 14 +
4 5 4 6 12 +
4 7 4 8 5 8 17 +
5 2 5 3 12 +
5 5 5 6 5 7 6 5 24 +
5 9 6 9 11 +
6 1 6 2 8 +
6 3 6 4 12 +
6 6 7 6 6 +
6 7 6 8 7 8 12 +
7 1 7 2 7 3 16 +
7 4 7 5 9 +
7 7 9 +
7 9 8 9 5 +
8 1 8 2 7 +
8 3 8 4 7 +
8 5 8 6 13 +
8 7 8 8 15 +
9 1 9 +
9 2 9 3 12 +
9 4 9 5 10 +
9 6 9 7 7 +
9 8 9 9 7 +