3 42 False
1 1 2 1 13 +
1 2 1 3 14 +
1 4 2 4 8 +
1 5 2 5 15 +
1 6 2 6 5 +
1 7 1 8 10 +
1 9 2 9 3 +
2 2 2 3 10 +
2 7 2 8 12 +
3 1 4 1 9 +
3 2 4 2 11 +
3 3 3 4 5 +
3 5 3 6 15 +
3 7 3 8 12 +
3 9 4 9 17 +
4 3 4 4 5 +
4 5 5 5 8 +
4 6 5 6 12 +
4 7 4 8 5 +
5 1 5 2 8 +
5 3 5 4 15 +
5 7 5 8 9 +
5 9 6 9 11 +
6 1 7 1 12 +
6 2 6 3 6 +
6 4 7 4 7 +
6 5 7 5 7 +
6 6 7 6 10 +
6 7 6 8 11 +
7 2 7 3 8 +
7 7 8 7 10 +
7 8 8 8 16 +
7 9 8 9 8 +
8 1 8 2 10 +
8 3 8 4 13 +
8 5 8 6 10 +
9 1 2 +
9 2 9 3 17 +
9 4 9 5 12 +
9 6 3 +
9 7 9 8 5 +
9 9 6 +