3 38 False
1 1 2 1 16 +
1 2 1 3 1 4 16 +
1 5 1 6 1 7 12 +
1 8 2 8 11 +
1 9 2 9 5 +
2 2 3 2 4 2 9 +
2 3 2 4 2 5 15 +
2 6 2 7 14 +
3 1 4 1 7 +
3 3 4 3 11 +
3 4 3 5 17 +
3 6 3 7 7 +
3 8 3 9 12 +
4 4 4 5 10 +
4 6 4 7 11 +
4 8 4 9 7 +
5 1 5 2 5 +
5 3 5 4 14 +
5 5 5 6 8 +
5 7 5 8 5 9 18 +
6 1 2 +
6 2 6 3 13 +
6 4 6 5 5 +
6 6 6 7 14 +
6 8 6 9 11 +
7 1 7 2 8 1 20 +
7 3 7 4 8 4 12 +
7 5 8 5 7 +
7 6 7 7 9 +
7 8 7 9 12 +
8 2 8 3 8 +
8 6 8 7 10 +
8 8 8 9 9 9 17 +
9 1 8 +
9 2 9 3 6 +
9 4 9 5 16 +
9 6 9 7 4 +
9 8 6 +