3 43 False
1 1 7 +
1 2 1 3 7 +
1 4 1 5 8 +
1 6 1 7 13 +
1 8 1 9 10 +
2 1 2 2 15 +
2 3 2 4 13 +
2 5 2 6 8 +
2 7 2 8 7 +
2 9 3 9 9 +
3 1 3 2 6 +
3 3 3 4 6 +
3 5 3 6 12 +
3 7 3 8 14 +
4 1 4 2 9 +
4 3 5 3 8 +
4 4 4 5 10 +
4 6 4 7 8 +
4 8 4 9 11 +
5 1 5 2 11 +
5 4 5 5 11 +
5 6 5 7 15 +
5 8 5 9 7 +
6 1 7 1 14 +
6 2 7 2 3 +
6 3 6 4 12 +
6 5 6 6 13 +
6 7 4 +
6 8 7 8 16 +
6 9 7 9 5 +
7 3 7 4 7 +
7 5 7 6 9 +
7 7 7 +
8 1 8 2 11 +
8 3 8 4 11 +
8 5 7 +
8 6 8 7 5 +
8 8 9 8 8 +
8 9 9 9 14 +
9 1 4 +
9 2 9 3 13 +
9 4 9 5 14 +
9 6 9 7 3 +