3 42 False
1 1 6 +
1 2 1 3 5 +
1 4 1 5 6 +
1 6 1 7 13 +
1 8 2 8 9 +
1 9 2 9 13 +
2 1 3 1 8 +
2 2 3 2 13 +
2 3 2 4 12 +
2 5 3 +
2 6 2 7 7 +
3 3 3 4 13 +
3 5 3 6 13 +
3 7 3 8 11 +
3 9 4 9 5 +
4 1 4 2 11 +
4 3 4 4 10 +
4 5 4 6 13 +
4 7 4 8 9 +
5 1 6 1 10 +
5 2 5 3 8 +
5 4 5 5 8 +
5 6 5 7 5 +
5 8 5 9 16 +
6 2 6 3 15 +
6 4 7 4 10 +
6 5 6 6 8 +
6 7 6 8 12 +
6 9 7 9 6 +
7 1 8 1 8 +
7 2 7 3 14 +
7 5 7 6 7 +
7 7 2 +
7 8 8 8 15 +
8 2 8 3 6 +
8 4 8 5 14 +
8 6 8 7 8 +
8 9 9 9 12 +
9 1 9 2 10 +
9 3 9 4 9 +
9 5 9 6 14 +
9 7 9 8 8 +