3 36 False
1 1 1 2 2 1 3 1 20 +
1 3 2 3 2 2 10 +
1 4 2 4 3 4 3 5 23 +
1 5 1 6 10 +
1 7 1 8 9 +
1 9 4 +
2 5 2 6 3 6 12 +
2 7 3 7 12 +
2 8 2 9 10 +
3 2 3 3 4 2 23 +
3 8 4 8 4 7 12 +
3 9 4 9 11 +
4 1 2 +
4 3 4 4 5 4 16 +
4 5 4 6 9 +
5 1 5 2 6 1 15 +
5 3 6 3 6 4 15 +
5 5 9 +
5 6 5 7 13 +
5 8 5 9 10 +
6 2 6 +
6 5 6 6 3 +
6 7 6 8 7 8 14 +
6 9 7 9 11 +
7 1 8 1 8 +
7 2 7 3 8 2 8 3 20 +
7 4 8 4 3 +
7 5 8 5 12 +
7 6 7 7 11 +
8 6 8 7 15 +
8 8 8 9 12 +
9 1 6 +
9 2 9 3 11 +
9 4 9 5 12 +
9 6 9 7 11 +
9 8 9 9 5 +