3 43 False
1 1 1 2 9 +
1 3 1 4 10 +
1 5 1 6 6 +
1 7 2 7 8 +
1 8 2 8 12 +
1 9 2 9 11 +
2 1 5 +
2 2 2 3 13 +
2 4 6 +
2 5 2 6 10 +
3 1 3 2 9 +
3 3 4 3 7 +
3 4 3 5 12 +
3 6 4 6 11 +
3 7 3 8 9 +
3 9 4 9 6 +
4 1 5 1 11 +
4 2 5 2 9 +
4 4 4 5 12 +
4 7 4 8 11 +
5 3 5 4 12 +
5 5 5 6 7 +
5 7 6 7 14 +
5 8 5 9 10 +
6 1 6 2 10 +
6 3 6 4 6 +
6 5 6 6 15 +
6 8 6 9 9 +
7 1 8 1 3 +
7 2 7 3 13 +
7 4 7 5 15 +
7 6 7 7 7 +
7 8 8 8 6 +
7 9 7 +
8 2 8 3 15 +
8 4 8 5 9 +
8 6 8 7 11 +
8 9 9 9 10 +
9 1 4 +
9 2 7 +
9 3 9 4 4 +
9 5 9 6 13 +
9 7 9 8 11 +