3 41 False
1 1 2 1 9 +
1 2 2 2 14 +
1 3 2 3 8 +
1 4 1 5 6 +
1 6 1 7 9 +
1 8 1 9 15 +
2 4 2 5 8 +
2 6 2 7 9 +
2 8 2 9 12 +
3 1 4 1 11 +
3 2 4 2 12 +
3 3 3 4 9 +
3 5 3 6 15 +
3 7 4 7 8 +
3 8 4 8 12 +
3 9 4 9 13 +
4 3 4 4 5 +
4 5 4 6 5 +
5 1 6 1 12 +
5 2 6 2 7 +
5 3 5 4 8 +
5 5 5 6 14 +
5 7 5 8 12 +
5 9 6 9 5 +
6 3 7 3 10 +
6 4 7 4 15 +
6 5 6 6 10 +
6 7 6 8 10 +
7 1 7 2 4 +
7 5 8 5 13 +
7 6 7 7 6 +
7 8 7 9 14 +
8 1 8 2 15 +
8 3 8 4 12 +
8 6 8 7 10 +
8 8 8 9 3 +
9 1 4 +
9 2 9 3 7 +
9 4 9 5 10 +
9 6 9 7 13 +
9 8 9 9 11 +