3 37 False
1 1 2 1 17 +
1 2 1 3 2 2 7 +
1 4 1 5 1 6 2 5 20 +
1 7 2 6 2 7 17 +
1 8 2 8 15 +
1 9 2 9 6 +
2 3 2 4 8 +
3 1 4 1 9 +
3 2 4 2 15 +
3 3 4 3 11 +
3 4 3 5 3 +
3 6 3 7 4 7 12 +
3 8 4 8 9 +
3 9 4 9 13 +
4 4 5 3 5 4 15 +
4 5 4 6 11 +
5 1 6 1 7 1 13 +
5 2 6 2 9 +
5 5 1 +
5 6 5 7 6 7 19 +
5 8 5 9 12 +
6 3 6 4 17 +
6 5 6 6 8 +
6 8 6 9 8 +
7 2 7 3 4 +
7 4 7 5 17 +
7 6 7 7 10 +
7 8 2 +
7 9 8 9 13 +
8 1 8 2 9 2 17 +
8 3 8 4 9 3 19 +
8 5 8 6 10 +
8 7 8 8 6 +
9 1 4 +
9 4 2 +
9 5 9 6 9 7 15 +
9 8 9 9 11 +